10675
9177
2016
5281
2731
4346
7499
1575
13146
4145
5503
496
1612
6856
6644
8168
3441
9111
4298
1064
5143
3045
5687
8062
9631
1061
9133
2130
7467
3885
4077
12483
12111
10515
4725
2483
8139
10140
8156
13103
12207
9072
11475
14027
7284
13171
7792
364
14057
3687
7878
3298
2842
3714
4854
9985
11098
9453
9526
5813
11810
3081
1939
5196
1332
7342
2467
14293
6946
2146
8866
4351
4492
4583
3489
5529
800
10645
5424
11177
5713
9922
8499
3137
11493
1238
11692
6591
12309
5224
2357
2559
7113
3605
2241
8067
9267
3565
301
11469
